0
9
999999999
1000000000
804289385
846930887
681692779
714636917
957747795
424238336
719885387
649760494
596516650
189641423
25202364
350490029
783368691
102520061
44897766
967513928
365180542
540383428
304089173
303455738
35005212
521595369
294702568
726956431
336465783
861021531
278722863
233665124
145174070
468703136
101513931
801979804
315634024
635723059
369133071
125898169
59961395
89018459
628175012
656478044
131176231
653377375
859484422
914544921
608413785
756898538
-1